0.977407 -0.161312 -0.136578 0.000000
-0.161312 -0.151766 -0.975164 0.000000
0.136578 0.975164 -0.174359 0.000000
0.000000 0.000000 0.000000 1.000000
